40937
19445
56419
4325
9644
124
1102301
78810
27539
83267
50486
6410
80533
400251
233
93707
321031
3145
2557
342
140952
41596
6283
5409854
148
40132
2459
46200
557
8423
288
21793
222973
4863
1441
503598
91175
1025052
517
5253
11174
104460
20486
37208
6595
3636
268370
41919
712
5541
38
124843
162178
106707
32925
5079
461
4428
5863
93707
33
14970
1209651
8937
3665
30303
450258
47775
31496
28
104894
11635
2403
4026
9026
27
93966
61563
4504
7946429
392934
574856
455398
58067
310851
542789
8749
97503
55055
110684
49997
-1
17943
122317
56170
24
4757
72186
1943
1416
57223
402
10949
14399
9
16968
5894
27805
11532
3499
5578
7677
439
895326
71811
310
340
16909
199745
12161
12675
159830
307831
1941
5434
1215
62111
27199
18342
113354
329375
129751
588
60109
888715
371630
263929
121133
131432
212492
1520800
5073
19
63
73
852
941
345232
15565
39827
153
2346
57973
45155
24080
4
3941
716759
2883
1098320
8413
13747
5180
110594
121093
5461
-1
10819
509
3746
30
2204
5535
52399
363999
8702750
11557
359348
126234
897740
2872
65667
90047
1169
50952
10
2060
16200
8303